alpha = 0.0209246711315144
alpha_err = 7.11073600618009e-05
