alpha = -2.27057672261299
alpha_err = 0.66487763417579
