alpha = 0.0209324243614278
alpha_err = 6.82137191371523e-05
