beta = -0.00251903391854913
beta_err = 6.81250888949765e-05
