beta = 62.8199999993294
beta_err = 27.51463898307
