beta = -0.00462768274759612
beta_err = 0.00128312520864055
