alpha = 0.0208000172327237
alpha_err = 3.1612215422239e-05
