alpha = -2.05827609056407
alpha_err = 0.620406859015168
