alpha = 0.0208006702774191
alpha_err = 3.10880646807098e-05
