beta = -0.0022651005757068
beta_err = 0.000218839801580829
