beta = 88.2345738221962
beta_err = 30.251093249203
