beta = -0.00235318284896797
beta_err = 3.97028270166371e-05
