alpha = 0.0202604674077464
alpha_err = 7.01519968592599e-05
