alpha = -2.07321835042108
alpha_err = 0.618899874099694
