alpha = 0.0202636331971173
alpha_err = 7.12061548887947e-05
