beta = 73.0931161835764
beta_err = 29.7822610204137
