beta = -0.00199632383706142
beta_err = 0.000397623048162278
