beta = -0.0024198465821519
beta_err = 6.11644840173171e-05
