alpha = 0.0206591598365393
alpha_err = 9.38235804775222e-05
