alpha = 0.0206394573973054
alpha_err = 9.40743842115565e-05
