alpha = -2.24595566993763
alpha_err = 0.643034889674615
