beta = -0.00286722143658459
beta_err = 0.000457061111188068
