beta = -0.002367377880553
beta_err = 5.74316238200974e-05
