beta = 81.9391304309574
beta_err = 34.1877049907067
