alpha = 0.0208071822368724
alpha_err = 9.89140372478425e-05
