alpha = -2.31310315634852
alpha_err = 0.647644601916782
