alpha = 0.0208202068250181
alpha_err = 0.000101620707942745
