beta = 74.7341379293081
beta_err = 30.0158432362826
