beta = -0.00232194047940717
beta_err = 9.22013165736055e-05
