beta = -0.00272250748921626
beta_err = 0.000454810467014833
