alpha = 0.0206313192698219
alpha_err = 5.60981724099001e-05
