alpha = 0.0206306555802802
alpha_err = 5.86657713969906e-05
