alpha = -2.22180047946277
alpha_err = 0.648900653654376
