beta = -0.00238191552406562
beta_err = 6.4869554414011e-05
