beta = -0.00197790386719929
beta_err = 0.000582615966227629
