beta = -0.0254756328094716
beta_err = 0.139865623956231
