alpha = 0.0207747481751907
alpha_err = 0.000106281289979848
