alpha = 0.0207763861997055
alpha_err = 0.000108993216729818
