alpha = -2.06861402330026
alpha_err = 0.622766846956463
