beta = 107.163529379308
beta_err = 46.5958858691775
