beta = -0.00284878723748997
beta_err = 0.000402522195131431
