beta = -0.00323927054479946
beta_err = 0.000540339982716188
