alpha = 0.0209864002241311
alpha_err = 0.000390659447010087
