alpha = -2.13321793387088
alpha_err = 0.659239684094303
