alpha = 0.0210212987002842
alpha_err = 0.000394942136567357
