beta = -0.00249497243464135
beta_err = 9.15683232601046e-05
