beta = 29.8711632733675
beta_err = 19.9665528781748
