beta = -0.00342975069684868
beta_err = 0.000363612248350701
