alpha = 0.0206361064166781
alpha_err = 5.24210770648996e-05
