alpha = 0.0206369413085338
alpha_err = 5.45633432458763e-05
