alpha = -2.2636327235501
alpha_err = 0.654998225489155
