beta = 57.145935483299
beta_err = 27.6709723127942
