beta = -0.00264161014864392
beta_err = 0.000485438040973515
