beta = -0.00227462376348178
beta_err = 0.000104004275899202
