alpha = 0.0205224951229346
alpha_err = 3.97099773876961e-05
