alpha = -2.17237117197206
alpha_err = 0.633121708293909
