alpha = 0.0205278540996977
alpha_err = 4.00277621221424e-05
