beta = -0.00586546372696224
beta_err = 0.000636626268971082
