beta = 68.2355172398691
beta_err = 31.5255674190921
