beta = -0.00150785357422722
beta_err = 0.000528952691562844
